activation: leaky_relu
actor_lr: 9.531927979655704e-05
critic_lr: 0.00010420675387638117
gamma: 0.98
hidden_dim: 64
max_env_steps: 72000
tau: 0.8819485349561447
train_batch_size: 512
train_interval: 10
warm_up_steps: 4000
